7776.09
11469
12983.9
14542.8
16108.4
18082
18808.3
20512.6
21206.7
22122.6
24195.7
24814.9
25746.8
26631.6
27577.7
28364
28830.1
29929.5
31225.3
31906
33313
33255.6
34383.3
33759.7
35073.4
36489.5
38014.8
38862.5
39039.9
39543.8
40993.9
40599.2
41438.3
42067.5
42602
44155.8
44184
44160.3
44422.4
46176.4
46880.8
45376.4
47189.5
46650.3
48432.6
48607.3
49129.6
49251.6
50025.2
49421.8
51405.9
51967.7
51244.8
55163.9
53917.1
52846.5
54537.7
54245.2
55113.3
55752.2
56042.6
56514.9
55504.9
55334.1
57132.6
57307.2
57736.8
57533.6
59824
59274
60645.9
60979.1
59841.5
63063.6
60938.4
60358.1
61683.2
63111
63098.3
61366.9
64563.7
63743.4
65426.2
65659.7
62512.2
66401.1
66574.2
68220.6
67882.7
65158.8
66800.9
68730.5
67682.2
68254.9
69271.3
69076.3
70580.9
68882
70811.3
71171.4
